637
314
592
111
361
105
239
334
74
824
252
333
44
676
989
727
830
857
288
454
388
724
1000
598
774
248
518
69
19
385
264
108
684
816
711
197
166
249
461
215
912
854
818
431
907
947
102
710
809
394
620
405
515
592
409
859
469
117
131
283
83
73
177
682
284
306
722
39
828
820
336
490
190
805
758
322
759
209
805
268
681
833
469
192
992
74
827
973
307
327
616
773
847
966
927
711
261
720
691
728
64
38
320
70
628
125
967
677
213
330
941
480
602
200
560
715
177
804
385
995
22
186
22
763
427
117
662
341
720
400
103
352
713
843
318
884
466
895
304
930
217
904
488
485
520
832
119
68
81
783
178
758
92
178
239
27
656
895
499
987
442
191
749
738
81
872
577
498
193
680
304
184
552
138
872
489
455
328
508
160
11
520
598
115
480
778
967
287
817
739
811
276
849
454
765
90
653
940
74
940
597
330
12
281
565
716
967
806
493
166
930
420
62
868
683
405
908
561
381
587
245
867
780
607
520
904
715
876
921
495
830
589
472
530
168
978
252
184
426
653
214
811
85
978
917
109
615
368
348
537
150
299
692
901
964
297
443
683
951
365
604
850
739
448
531
423
964
997
14
367
122
5
722
474
775
244
106
248
219
195
374
324
354
872
880
541
824
949
854
804
486
582
270
638
950
987
119
1000
683
613
234
510
683
948
568
838
222
548
791
468
215
823
587
902
747
342
616
41
568
602
319
437
732
783
538
665
114
155
555
742
118
874
36
208
769
560
702
462
706
179
158
17
295
186
723
151
752
806
491
677
877
18
296
7
51
146
782
704
153
623
312
582
325
830
963
871
561
429
863
926
26
723
207
927
41
699
451
179
697
736
950
904
587
904
893
322
148
755
180
442
464
504
883
860
534
492
833
694
503
809
372
982
239
896
581
333
446
165
223
457
340
468
498
140
132
913
241
894
507
269
612
823
501
618
856
591
737
800
21
369
993
217
99
27
43
632
669
174
91
475
644
38
667
379
940
235
61
964
683
474
184
385
766
106
662
54
911
466
995
477
146
83
784
13
161
978
245
334
720
5
815
654
977
554
476
918
597
449
482
531
453
297
814
300
915
129
187
831
702
473
263
743
426
697
523
610
492
4
139
646
31
112
471
364
5
778
980
601
829
947
575
229
510
260
920
692
905
991
801
525
33
946
632
528
690
624
297
2
391
283
233
250
259
202
127
217
104
278
875
358
831
292
583
511
138
382
367
29
356
219
754
522
506
462
467
72
237
938
809
204
389
839
84
292
604
14
149
826
325
418
476
626
493
406
231
343
407
500
959
889
971
306
330
128
571
220
431
968
53
719
839
633
556
407
110
926
920
501
904
226
421
685
800
306
160
12
636
720
276
532
789
980
303
581
669
961
494
140
405
864
91
277
423
750
287
172
42
884
791
205
739
828
663
620
901
380
232
569
349
995
774
200
292
631
526
987
183
396
875
313
425
797
924
875
795
363
964
134
248
811
165
900
172
971
374
988
954
501
74
905
752
665
119
211
476
940
54
628
504
978
750
242
564
70
895
195
993
787
732
58
833
480
659
483
375
735
83
197
294
751
687
244
273
689
130
933
109
326
510
502
581
405
12
669
137
481
870
82
50
74
86
374
111
540
407
244
70
179
170
581
423
467
500
269
634
673
134
13
698
659
192
315
271
112
695
748
924
303
828
741
969
923
166
380
518
227
566
905
29
540
996
305
243
230
272
600
858
172
854
445
401
833
683
985
802
934
635
796
569
502
413
981
64
686
409
398
407
537
230
927
73
272
884
148
882
383
478
794
895
881
31
101
30
989
189
757
177
548
282
871
428
51
967
104
748
497
293
177
501
389
288
166
632
328
147
972
642
168
661
591
612
989
560
12
243
226
65
330
63
224
968
988
687
749
529
636
932
971
584
334
320
738
134
799
660
242
339
629
272
743
796
189
317
691
958
293
500
532
151
241
919
246
680
844
49
525
820
74
931
778
732
745
600
532
686
769
301
901
372
188
528
904
915
989
317
434
612
117
617
572
799
832
224
341
291
582
504
81
280
867
551
885
428
604
488
131
398
871
110
691
417
143
419
250
4
799
510
244
124
625
279
567
99
92
234
460
760
949
875
660
79
977
980
45
572
49
888
437
41
832
826
448
703
419
978
413
369
451
115
838
392
496
930
823
666
156
832
18
463
12
639
808
394
641
602
452
987
15
918
201
993
962
337
724
662
954
334
807
653
107
53
540
44
230
810
306
954
272
9
483
822
338
609
406
625
249
324
481
996
673
339
40
393
894
915
102
325
189
413
38
782
312
730
674
794
962
623
40
895
828
598
383
573
719
201
883
397
684
494
541
928
196
492
251
786
371
532
148
908
248
39
815
856
558
85
158
26
196
893
755
1000
561
193
549
312
931
789
815
69
968
25
520
102
658
320
19
465
484
39
891
526
682
922
214
110
806
597
964
805
169
92
869
630
524
280
550
980
878
114
62
655
302
929
887
626
519
804
631
48
787
502
517
468
578
681
294
913
894
600
769
185
90
665
431
203
393
465
136
384
264
36
659
218
730
337
553
511
16
380
19
43
896
298
460
395
163
625
705
444
333
218
165
688
365
715
639
288
457
714
20
591
928
921
838
106
106
614
159
245
572
695
337
778
210
407
124
656
570
603
830
891
907
135
595
986
904
905
752
655
574
313
436
53
60
927
502
54
126
346
818
281
272
356
153
283
974
970
249
983
764
991
119
972
81
570
648
212
148
175
211
892
636
69
765
979
983
971
801
796
361
317
879
362
380
833
361
653
781
896
252
215
50
385
647
631
955
181
684
33
717
400
611
629
903
688
640
953
102
564
258
186
544
931
863
430
674
58
474
64
740
150
328
262
368
50
109
184
176
466
827
402
415
988
445
124
882
72
741
444
166
305
722
368
312
814
240
875
495
576
317
33
920
115
538
1
9
827
257
7
308
361
359
597
751
780
676
271
535
108
507
524
488
799
764
372
926
581
81
587
250
420
928
839
581
911
184
731
928
166
644
670
413
271
137
519
80
906
782
556
221
808
538
33
853
112
44
601
705
72
860
544
979
651
606
923
832
597
826
561
187
448
624
330
117
164
371
365
559
333
815
917
355
973
87
824
945
710
370
91
164
15
146
748
159
507
518
451
191
815
219
769
832
116
626
223
377
912
837
807
120
394
300
906
203
757
169
544
80
623
367
305
652
644
115
889
77
865
334
782
975
632
144
589
689
119
888
68
890
67
838
274
610
21
866
504
385
541
741
580
871
140
612
532
218
323
666
83
249
667
941
116
572
764
852
479
635
226
209
296
488
983
175
71
452
132
220
110
532
449
361
138
850
443
360
806
92
877
38
256
367
493
352
529
627
418
97
685
955
494
30
496
72
458
343
230
412
852
304
116
398
10
523
124
361
528
929
730
8
390
960
695
562
493
326
703
104
702
505
905
807
838
938
478
678
368
448
821
289
64
182
215
414
962
434
878
346
841
851
682
221
406
518
388
175
113
31
225
568
471
336
66
226
195
750
942
707
922
812
974
653
214
976
1000
816
122
401
860
343
949
71
479
299
797
36
274
377
180
829
495
751
539
251
157
91
821
567
834
208
824
296
810
109
242
879
60
815
537
587
159
613
195
281
352
640
762
223
861
646
181
517
158
588
74
873
936
966
891
572
168
206
275
336
383
941
763
443
979
109
661
139
272
147
471
379
168
502
152
678
816
797
383
490
771
493
131
548
110
223
534
931
237
544
492
42
839
959
968
994
569
476
990
564
959
194
676
938
859
318
681
344
478
139
463
571
250
44
702
579
655
487
352
384
774
736
463
597
661
711
393
534
406
498
850
880
238
505
987
619
789
940
485
972
775
756
916
907
387
723
243
332
595
598
394
351
543
872
973
252
895
793
366
321
901
700
707
549
13
889
225
653
569
179
562
42
243
710
822
618
28
381
114
292
131
684
23
881
590
574
708
481
774
421
286
271
129
566
774
301
253
346
164
824
861
896
364
74
994
820
600
771
365
818
13
329
859
499
316
651
981
650
672
895
505
470
915
591
758
113
252
440
828
662
702
18
377
980
791
792
127
48
396
645
86
189
111
455
693
916
937
430
944
499
641
21
887
257
503
977
505
455
15
614
209
937
384
756
879
746
342
446
338
310
690
622
65
853
268
133
86
849
915
871
474
276
918
971
142
279
480
593
880
88
654
825
748
741
659
475
743
198
838
538
997
829
215
74
569
121
136
408
992
416
516
667
797
626
151
49
393
319
805
860
679
158
717
577
613
377
464
693
12
701
392
542
856
247
107
586
903
367
684
783
513
715
147
478
908
52
31
775
51
931
632
995
487
753
999
237
778
289
235
216
693
267
391
78
879
789
103
821
495
557
23
762
906
378
776
240
748
979
735
566
820
578
450
659
902
125
979
920
423
622
712
718
706
483
500
700
190
309
825
574
242
750
818
803
512
713
984
524
206
907
642
536
188
262
183
413
699
191
818
905
435
521
369
597
585
499
649
790
668
447
638
970
164
526
733
769
323
367
96
221
564
454
169
802
696
182
382
466
572
530
7
645
659
63
540
620
295
516
736
37
587
109
134
200
806
487
749
435
578
976
398
541
98
804
948
245
571
843
996
204
53
707
600
750
740
999
941
881
982
176
526
419
612
95
740
262
80
338
708
47
317
270
900
491
219
480
151
614
290
572
991
123
877
33
193
993
644
786
625
207
75
681
925
920
424
523
549
915
964
138
463
716
940
880
202
30
830
853
385
939
854
371
272
760
883
277
894
900
71
832
974
846
562
835
489
996
685
141
671
757
410
91
418
178
50
291
407
879
896
299
827
580
379
550
355
289
393
794
21
198
969
12
796
194
627
468
263
407
270
833
60
755
551
746
960
287
415
708
971
321
153
377
778
133
649
802
738
511
380
519
705
303
454
166
125
164
62
114
892
288
87
148
211
542
356
837
782
612
461
338
691
515
858
634
424
728
752
924
11
354
171
242
796
246
995
166
896
710
903
686
466
820
744
204
641
366
574
6
381
450
46
466
392
937
614
997
865
623
948
110
532
855
466
812
919
937
789
158
354
315
286
684
484
251
236
24
669
821
580
86
956
484
568
488
826
777
569
945
267
607
175
796
381
159
813
249
805
891
843
40
649
435
490
520
963
534
476
779
569
215
779
824
640
963
484
622
310
647
755
436
806
480
513
331
180
626
903
462
114
118
614
656
99
737
414
362
92
300
607
968
347
842
8
18
263
683
420
444
46
459
680
740
778
324
44
804
816
89
210
698
53
408
879
468
574
548
462
970
223
281
597
805
236
796
290
208
16
108
354
823
924
253
98
567
642
604
316
69
901
323
850
85
974
258
595
856
374
614
523
970
606
356
372
352
694
343
478
933
707
128
724
857
862
960
407
513
328
50
983
688
722
336
975
773
441
900
540
383
789
166
90
914
349
234
587
332
876
31
450
291
147
437
199
1
217
750
148
238
337
362
790
7
783
553
389
774
549
490
665
240
406
934
146
277
964
546
432
2
502
631
137
658
964
266
579
559
531
124
687
273
721
866
905
550
909
740
306
1000
917
445
91
441
319
629
752
503
654
553
838
638
77
67
137
561
917
840
675
954
864
357
338
552
494
171
863
951
670
777
699
808
329
176
147
696
692
366
705
915
60
455
340
242
72
745
659
448
602
814
526
832
812
56
929
603
585
837
742
255
812
791
492
367
420
126
795
883
476
921
677
971
928
667
389
802
857
558
426
79
345
709
771
761
580
772
133
400
9
860
6
250
508
281
282
278
348
912
19
749
350
199
463
278
884
999
441
237
387
343
834
553
66
847
727
641
486
355
853
722
748
252
628
354
608
796
107
669
366
833
320
149
580
526
110
476
273
803
905
106
58
297
144
127
227
789
809
72
506
56
720
979
181
898
725
781
366
80
477
540
670
510
239
152
189
874
712
603
543
465
268
975
922
449
342
68
522
619
551
181
254
949
972
756
846
795
733
840
9
619
414
4
312
809
64
333
421
142
577
931
628
130
332
383
846
893
903
120
215
609
828
510
501
119
488
961
769
271
960
592
909
209
681
906
756
362
355
243
621
370
138
909
181
595
426
767
392
917
20
857
409
778
885
374
411
43
428
379
605
416
154
683
856
232
768
762
27
437
648
8
580
180
322
224
966
764
911
995
137
315
465
670
844
466
288
77
353
213
805
603
116
793
296
121
555
315
759
397
223
786
639
400
533
412
109
798
974
397
85
590
522
158
511
847
592
782
577
133
968
187
704
57
258
314
864
395
649
29
137
693
304
481
141
966
661
540
527
290
920
754
609
412
196
934
166
340
570
585
934
379
752
473
275
136
977
531
539
569
537
909
164
46
354
266
648
420
134
21
156
933
832
146
368
527
581
123
318
566
722
808
314
24
356
437
637
849
203
944
149
437
327
921
607
358
312
593
763
798
108
726
848
679
789
168
306
123
785
518
404
810
585
161
885
456
257
764
701
756
127
653
699
653
561
890
720
394
881
132
571
381
124
209
449
87
797
18
959
113
170
643
576
488
251
33
96
62
111
452
212
964
164
775
170
469
336
801
307
126
686
901
744
280
105
220
163
312
76
444
432
450
680
410
928
788
803
185
93
293
130
867
536
762
923
468
896
221
408
718
121
847
169
625
401
225
374
186
114
57
770
387
548
342
79
471
390
565
24
733
362
571
404
89
257
567
641
661
591
807
983
934
177
866
73
953
599
222
218
641
988
234
415
29
96
877
801
620
745
826
839
785
573
70
110
65
336
782
127
375
837
714
498
937
891
369
672
96
803
119
35
561
446
680
417
119
680
823
172
845
551
762
58
906
40
366
83
413
482
292
546
376
287
877
5
333
274
471
571
988
104
217
177
427
200
343
258
986
415
875
999
267
304
279
429
184
290
329
507
257
460
38
786
216
755
806
541
980
37
137
518
11
260
987
142
538
986
936
798
426
243
127
861
923
318
701
443
910
87
572
863
768
711
667
778
563
708
861
12
413
737
491
787
44
33
948
758
349
769
720
18
823
268
870
136
345
481
509
457
308
239
705
527
278
980
610
462
71
357
476
37
579
559
602
152
43
404
7
988
567
426
50
899
39
852
231
429
791
307
66
509
840
474
521
566
168
299
199
925
972
863
658
160
188
580
335
841
415
90
598
336
326
210
230
366
315
435
613
948
260
645
971
7
60
986
971
968
58
924
353
616
446
118
211
718
217
327
884
708
348
340
813
894
404
736
546
512
211
557
957
59
520
716
461
716
503
638
248
942
948
416
272
211
888
553
299
735
108
172
751
469
763
970
674
184
395
898
802
936
703
36
834
435
361
931
174
681
516
725
793
518
343
94
764
405
991
552
96
652
933
750
409
676
894
986
296
942
471
943
792
777
862
711
606
111
27
372
710
429
435
524
84
629
727
497
689
72
805
665
101
113
769
457
929
986
791
634
903
337
343
206
379
2
330
429
91
653
302
293
881
200
459
986
592
186
598
870
921
444
16
784
569
15
229
847
262
124
506
700
478
434
805
124
772
186
432
933
507
387
94
662
897
472
746
286
636
186
970
831
899
973
254
503
317
821
113
823
852
372
869
125
974
180
992
622
734
253
934
984
766
818
522
811
463
26
572
136
730
567
870
238
350
641
960
783
750
352
148
779
759
257
68
285
662
213
143
873
888
293
243
723
930
273
505
145
225
822
565
728
899
188
166
773
144
179
817
55
408
582
749
169
907
299
679
424
580
940
729
109
609
439
406
56
10
727
576
130
253
325
814
802
721
967
403
547
747
853
609
216
232
464
856
419
103
389
987
281
803
527
372
877
587
331
303
807
997
40
388
260
728
54
693
865
495
805
545
843
648
408
930
331
380
220
109
43
123
142
134
887
834
455
978
536
508
99
706
722
11
927
554
498
445
794
427
405
245
317
708
665
771
628
817
450
201
640
712
607
263
68
775
204
422
260
195
100
488
604
442
981
343
868
422
361
469
307
623
159
444
690
222
596
30
86
868
966
507
875
27
216
229
556
649
276
89
675
440
546
81
165
583
402
352
582
49
585
274
113
118
998
534
287
852
413
552
987
700
960
287
999
935
329
693
305
840
586
535
523
896
957
451
558
564
411
946
271
99
849
843
718
128
687
280
598
598
334
344
520
363
462
995
39
43
966
838
833
655
366
486
688
960
394
624
696
248
417
676
803
936
214
382
905
198
365
183
873
28
385
819
600
245
685
342
366
38
897
64
388
719
23
419
514
824
790
317
778
980
226
133
586
530
920
159
123
222
938
21
856
569
15
331
839
198
292
922
94
465
807
640
875
974
42
866
891
435
96
283
951
695
199
253
723
171
839
382
854
200
761
889
137
85
836
919
425
608
996
337
889
883
270
817
609
40
46
991
527
100
603
478
155
981
867
876
268
38
845
594
892
619
627
809
2
522
189
619
804
6
839
60
734
248
841
485
878
195
875
59
19
536
934
90
924
135
962
167
348
4
301
836
456
186
733
806
313
527
229
988
376
530
591
255
462
864
896
760
758
888
520
650
870
51
454
158
878
557
709
819
397
756
384
862
860
991
632
785
226
243
918
87
317
252
594
419
589
142
416
276
202
165
717
481
261
593
338
897
941
429
971
419
378
327
462
633
200
257
799
458
842
856
15
941
247
507
146
26
349
776
306
118
518
8
834
719
870
909
787
711
621
299
800
174
709
406
325
589
75
939
312
872
615
144
892
515
180
189
174
326
544
119
252
400
489
316
756
83
670
866
596
357
824
374
112
498
754
517
849
952
368
306
138
296
595
227
56
168
416
589
287
514
834
785
33
34
369
123
612
148
745
434
294
933
896
454
265
487
236
451
41
927
630
333
549
82
281
595
229
470
748
370
773
75
160
82
581
687
1
236
837
506
230
595
305
811
448
28
560
875
296
575
827
380
129
216
37
481
693
568
240
291
740
782
600
277
874
408
443
403
207
988
670
750
454
532
532
258
28
475
459
465
67
19
335
557
790
743
141
335
576
42
36
463
906
788
875
575
613
805
382
959
722
757
63
164
406
127
804
161
793
344
675
199
733
380
904
120
670
434
453
699
187
790
439
509
429
421
147
88
467
365
509
813
693
773
250
530
710
86
134
451
839
607
814
633
710
74
293
763
85
587
523
825
568
538
959
719
325
47
205
824
488
214
435
504
544
670
918
142
207
205
474
411
950
102
858
363
755
406
704
366
101
578
539
966
384
821
453
286
254
677
605
20
778
116
608
164
308
832
874
947
350
893
473
375
291
96
606
477
181
392
158
557
761
859
465
873
127
870
115
973
939
631
540
708
939
578
218
666
309
712
681
115
733
365
142
868
498
942
960
269
501
11
428
620
926
351
81
1000
485
874
248
958
346
338
541
750
775
944
278
126
507
945
222
42
5
619
333
712
932
899
873
205
69
258
44
14
759
749
633
811
38
136
990
126
426
767
696
384
393
249
71
454
818
772
550
855
841
421
863
515
189
112
585
957
674
656
831
188
603
444
205
259
66
644
503
110
595
624
472
85
628
933
166
878
148
173
28
846
664
482
678
830
396
423
79
704
424
984
566
359
921
572
164
775
217
546
708
382
392
832
935
878
504
66
262
126
857
793
30
172
512
645
979
796
950
23
417
452
557
270
378
258
989
908
12
37
599
566
228
407
858
500
133
827
847
254
922
79
579
842
943
844
64
984
296
261
459
936
571
257
732
808
790
862
749
414
773
598
166
72
506
991
549
518
115
30
629
414
631
61
14
611
849
300
568
856
834
2
892
437
890
918
484
272
564
984
595
280
46
851
874
428
811
970
289
630
280
449
126
461
456
930
535
611
424
403
608
276
730
499
318
61
738
356
960
613
110
100
610
724
295
746
792
291
182
359
180
682
65
731
123
632
995
202
906
426
218
434
462
243
366
342
582
909
564
17
419
738
554
961
575
517
608
175
143
343
494
522
214
553
647
370
753
684
801
755
572
309
189
461
168
241
639
396
35
906
754
286
401
181
855
899
117
571
129
405
560
841
524
76
416
185
954
847
920
704
490
293
575
297
179
928
539
350
336
435
879
676
387
81
517
681
764
118
952
473
639
318
514
470
779
984
706
191
335
657
459
902
578
7
238
343
187
270
629
306
251
459
533
884
903
551
554
216
891
71
948
965
206
958
802
681
98
345
285
112
624
905
230
255
590
226
879
288
636
672
907
20
138
347
393
661
155
265
534
396
822
435
648
366
15
341
196
203
338
200
614
322
173
830
35
437
104
424
470
140
290
751
833
931
707
660
842
842
263
92
702
644
455
970
245
629
430
373
573
238
263
571
35
209
810
245
850
578
125
67
147
604
450
114
903
791
849
624
893
480
887
599
182
334
902
196
75
38
872
371
573
629
267
654
701
855
193
600
720
189
217
765
479
269
903
241
602
683
486
508
429
979
260
253
987
730
55
155
753
570
549
603
873
154
643
546
492
144
519
410
11
287
359
441
647
332
693
939
6
632
177
27
86
364
964
572
738
954
984
902
106
936
239
54
952
812
961
865
900
258
281
318
456
280
411
424
745
893
669
980
327
768
106
347
376
305
2
399
474
804
144
418
806
408
879
990
390
931
587
124
263
617
321
144
754
888
266
354
945
270
693
975
581
738
316
920
601
521
539
547
265
711
920
637
149
236
70
792
765
689
902
652
887
855
529
592
276
579
770
179
571
609
948
652
738
206
564
254
704
176
156
787
847
213
602
997
524
230
459
851
800
666
467
532
756
705
642
296
34
116
22
771
378
538
661
204
221
239
23
832
241
976
942
787
62
652
535
987
217
140
809
296
891
334
271
628
264
210
8
262
869
8
603
72
725
790
331
440
159
641
384
384
165
343
435
803
739
267
431
24
707
493
519
208
32
431
115
302
910
466
486
884
723
243
138
711
393
538
471
769
591
530
524
134
951
409
204
665
219
892
432
494
579
483
376
462
827
264
69
686
182
192
705
615
272
751
274
943
242
206
726
725
803
14
805
652
562
983
174
788
459
564
837
568
800
758
114
460
86
26
543
410
973
639
936
884
990
966
674
782
259
456
89
761
371
134
24
485
804
78
631
80
891
381
396
295
372
827
464
542
213
309
430
251
955
683
58
557
23
216
830
347
46
774
363
233
890
960
201
254
902
122
331
740
598
443
270
153
229
957
890
627
166
708
595
745
152
940
994
193
24
36
756
188
360
380
681
25
791
400
877
177
138
920
421
866
476
55
890
345
739
139
665
289
595
975
841
240
207
388
254
213
956
365
156
616
450
455
946
613
566
993
15
502
675
810
88
578
114
56
265
49
257
717
174
190
166
416
894
157
703
864
567
724
737
748
32
725
268
39
903
190
317
21
651
145
838
765
196
68
632
605
319
368
801
258
385
692
364
395
920
704
247
270
345
847
793
902
58
608
662
781
709
640
359
388
357
929
185
353
911
692
548
459
615
132
496
785
886
419
989
217
962
933
690
694
649
526
864
128
742
264
610
747
487
846
832
84
229
756
155
913
759
932
40
951
825
330
761
32
125
381
656
894
326
736
894
367
883
988
463
684
989
834
575
287
207
710
72
880
485
874
931
603
328
450
767
549
226
903
573
30
641
558
925
834
878
474
258
311
418
454
380
87
801
20
171
84
993
525
538
293
14
802
877
888
310
290
582
195
582
843
389
371
790
844
994
152
843
829
678
295
812
387
405
894
225
7
472
243
818
65
634
542
666
99
368
112
856
92
610
744
120
443
75
657
431
225
152
390
472
629
744
421
216
301
217
748
412
780
343
986
290
243
897
504
431
624
1000
670
655
154
374
661
159
195
80
757
574
146
921
78
741
752
356
623
982
202
75
956
687
90
876
136
978
587
260
305
573
980
940
457
628
508
887
559
467
825
461
507
588
590
972
349
849
200
9
121
867
897
659
735
914
210
20
113
826
251
646
146
690
93
64
753
256
886
743
28
535
753
319
905
771
143
853
830
618
325
846
5
488
791
672
153
837
840
765
385
274
303
425
604
366
670
711
572
930
288
498
888
979
230
145
805
438
1
575
522
667
642
492
726
819
521
579
428
714
401
540
363
445
893
401
22
103
685
452
230
822
866
125
926
356
249
668
743
206
641
70
776
609
20
522
522
568
779
785
262
70
235
791
266
789
319
762
276
464
934
616
996
931
654
785
317
878
89
994
671
542
418
762
829
360
641
473
667
232
717
191
546
483
60
573
181
818
756
946
742
894
314
607
910
417
30
289
607
277
392
605
438
877
376
832
59
511
585
254
297
89
493
897
496
228
635
566
480
837
556
648
834
261
532
65
19
719
582
942
345
141
164
232
319
560
722
479
574
169
895
158
924
753
112
755
42
329
15
342
325
985
235
255
416
255
88
359
865
491
583
478
179
397
193
44
844
288
225
834
528
598
187
430
848
940
722
107
106
516
637
87
591
167
241
741
575
603
638
819
152
261
728
75
814
463
134
613
361
132
305
175
809
121
852
87
183
766
925
596
821
582
744
80
921
262
437
507
998
9
790
610
183
166
924
739
647
463
253
288
125
688
657
863
637
101
355
505
762
359
150
829
721
212
101
983
847
805
711
637
281
792
118
524
4
436
687
972
632
496
943
989
803
827
499
330
301
967
448
501
7
97
190
336
58
876
548
401
944
472
673
938
544
198
655
40
782
504
560
356
441
499
311
702
738
19
835
646
870
470
690
145
281
236
91
341
366
288
467
663
937
782
692
793
634
433
219
872
79
596
396
802
481
239
696
510
406
190
696
807
367
497
812
645
215
280
642
870
622
535
849
388
368
806
912
200
311
137
104
700
889
909
721
966
693
415
910
89
866
50
732
772
968
789
21
967
943
557
781
566
239
694
368
445
194
969
13
533
301
548
422
762
210
648
932
873
10
560
510
651
264
414
470
89
643
832
772
838
471
927
386
655
434
54
823
191
56
578
435
292
865
423
938
917
979
558
744
322
468
428
229
565
555
110
482
201
82
661
893
584
782
309
415
443
332
661
28
375
704
164
465
847
536
228
555
335
12
471
628
288
106
94
558
91
1
901
179
606
643
534
111
708
243
938
175
632
850
260
162
72
630
480
863
538
534
640
294
940
846
191
744
309
992
800
830
680
219
150
708
540
321
885
170
171
839
738
586
327
197
164
366
461
230
508
696
557
109
765
725
160
414
190
704
345
956
949
210
780
371
694
105
406
334
330
531
417
518
510
588
770
730
566
220
101
495
793
915
894
787
812
575
903
758
591
381
610
610
75
148
827
285
933
243
602
15
194
928
769
431
61
287
663
731
114
653
316
413
625
688
234
14
385
973
826
987
175
762
19
131
711
110
176
292
565
389
126
764
449
8
65
363
501
302
326
206
51
400
325
175
772
670
8
958
817
650
519
234
840
441
81
423
221
693
543
502
707
953
889
696
138
769
554
793
488
437
838
568
30
501
143
574
194
811
523
840
202
898
181
629
644
174
951
192
574
424
442
785
906
751
706
569
547
983
107
83
306
525
112
832
198
937
537
580
612
824
308
630
62
372
758
548
232
570
277
472
47
122
389
231
209
462
361
27
603
202
145
236
679
562
763
124
354
961
344
428
570
430
722
470
270
710
949
301
469
626
662
955
585
68
297
502
548
522
329
215
715
160
580
210
691
586
798
240
473
46
561
238
112
906
457
356
249
56
521
828
586
69
136
509
789
71
742
122
950
443
123
255
227
232
633
400
156
869
109
739
927
339
689
179
167
294
387
895
519
558
912
845
369
648
660
242
710
518
808
442
855
119
920
450
735
902
262
95
856
40
82
355
382
516
740
231
811
282
379
240
99
308
57
53
631
33
284
975
553
240
794
952
59
898
883
412
652
740
733
566
814
40
48
117
720
142
347
825
642
13
784
623
748
908
726
398
523
220
269
355
862
769
814
5
84
673
430
418
39
29
232
49
995
964
784
417
833
192
306
492
948
467
847
642
363
714
196
881
676
365
175
703
366
806
907
234
622
249
98
173
345
574
967
555
382
6
782
788
578
637
726
131
787
251
266
91
731
174
78
126
589
272
404
337
763
309
13
503
662
298
416
563
464
167
283
162
806
260
370
275
725
1
640
929
693
26
262
299
775
691
46
543
224
229
5
159
292
803
506
673
750
868
268
717
151
82
326
782
248
176
999
577
200
809
221
405
81
170
211
818
542
707
598
974
156
83
26
568
597
514
338
341
536
700
226
932
646
782
421
409
175
998
704
657
295
192
116
682
296
548
752
641
87
184
270
945
656
402
653
840
584
720
574
530
158
984
315
931
376
961
27
781
483
426
496
409
219
303
363
621
73
273
432
549
887
741
391
124
652
448
119
725
886
422
639
859
789
25
805
56
965
390
232
556
720
939
880
290
363
735
800
923
913
198
551
222
942
906
928
912
269
361
760
436
65
634
208
716
449
696
942
822
445
992
942
832
175
876
278
576
876
541
448
151
875
395
953
512
55
587
764
408
270
968
620
806
139
969
297
811
537
953
115
501
1000
654
166
870
406
109
424
444
746
767
593
445
174
275
99
421
351
423
370
846
926
469
215
279
141
549
80
632
295
723
776
757
267
508
189
984
218
492
876
57
84
575
303
320
386
872
368
43
117
282
462
774
978
509
208
666
333
766
836
677
809
474
195
144
937
213
973
55
450
705
681
464
604
518
703
81
65
31
509
53
651
889
863
756
570
956
45
725
900
528
94
306
377
688
576
861
401
870
549
144
308
679
178
946
563
853
895
584
940
616
498
427
603
506
229
927
65
113
596
194
176
953
659
11
334
721
599
441
847
896
759
634
476
691
152
401
797
74
279
238
508
5
773
875
940
771
491
255
616
336
861
966
130
602
451
554
650
406
563
37
807
51
503
79
17
708
700
567
926
547
73
350
942
779
440
994
600
215
420
161
614
641
341
986
335
44
141
303
423
300
670
465
543
341
312
174
785
187
139
678
549
274
784
748
43
435
257
488
833
260
725
763
436
768
879
341
390
977
867
430
999
653
361
261
577
776
575
123
416
527
63
676
529
535
366
58
195
489
804
234
491
214
382
965
686
372
630
258
581
278
886
900
354
99
175
863
446
898
539
25
316
863
989
98
464
676
330
207
146
376
873
194
676
19
184
817
852
911
160
401
318
316
882
489
980
682
354
501
887
785
649
403
585
286
841
280
776
980
955
830
13
151
567
746
219
487
222
844
562
114
146
306
152
801
209
451
296
552
902
658
421
826
831
776
586
60
33
398
825
808
156
305
276
930
486
467
514
734
985
44
36
424
573
410
995
760
385
787
62
218
47
549
958
546
805
661
839
572
239
517
595
308
65
392
55
266
650
616
984
817
876
450
299
663
412
993
501
168
852
510
708
75
784
384
352
183
662
246
962
56
653
215
832
189
830
724
293
737
269
612
401
366
435
62
301
658
160
894
577
112
353
279
714
347
894
270
856
988
376
489
113
2
552
886
191
554
107
600
80
536
933
25
735
632
705
503
312
460
717
9
190
407
220
143
207
703
732
930
942
501
217
574
125
318
897
149
108
78
572
187
628
328
656
983
356
602
234
801
216
745
216
343
224
686
39
44
803
151
754
132
37
141
510
370
136
493
781
405
688
86
304
254
534
570
567
18
55
186
118
699
244
966
976
754
81
689
568
735
848
541
573
712
176
890
765
134
613
500
924
903
915
797
6
116
578
19
378
150
152
771
80
854
570
932
495
618
38
556
592
251
409
578
153
115
361
641
903
773
488
805
979
219
649
18
677
449
541
138
873
381
196
364
359
530
944
556
661
147
628
763
952
238
125
834
197
428
822
209
889
11
588
614
2
826
747
387
555
980
119
113
611
978
719
601
957
231
682
761
979
625
121
823
9
184
814
586
211
881
1
638
938
51
336
249
46
152
981
272
653
64
631
512
881
365
251
409
669
206
689
61
281
936
841
236
481
444
264
98
349
991
571
224
151
911
78
699
3
491
958
961
268
694
588
575
471
897
155
736
564
219
324
302
930
383
307
693
329
54
564
845
698
644
294
298
359
773
718
761
101
777
969
132
412
910
544
405
495
687
292
566
603
846
411
533
219
932
775
301
336
956
54
365
642
994
405
926
901
658
765
115
571
423
90
613
508
439
279
46
388
696
269
649
161
363
877
889
162
644
795
158
33
48
555
391
936
631
973
710
695
209
430
169
719
265
521
884
405
984
302
212
977
51
347
56
216
1000
408
861
309
694
430
438
536
941
79
831
715
216
524
119
332
935
964
268
416
256
953
204
493
885
269
650
420
150
998
781
344
942
60
328
359
373
16
86
478
433
556
464
486
591
303
288
684
137
771
291
331
717
344
530
710
746
344
695
98
828
489
221
524
906
281
43
957
763
708
144
590
850
819
784
628
637
894
381
483
117
415
245
104
948
759
586
800
309
590
133
173
214
932
292
88
780
674
796
746
707
107
795
644
812
84
34
878
465
871
801
126
498
589
226
116
139
777
399
74
133
64
226
399
746
826
934
111
169
238
705
384
200
675
535
989
234
98
481
113
564
625
967
217
593
554
508
709
335
188
393
731
990
875
930
234
983
844
312
399
857
361
301
224
151
308
5
67
321
264
278
77
132
603
463
222
106
378
426
424
829
780
686
856
480
576
995
828
844
815
203
904
151
239
63
887
447
348
978
11
758
122
348
622
544
40
124
762
217
231
420
931
840
193
577
757
286
263
653
477
521
704
310
684
46
504
902
133
74
46
505
871
693
133
494
563
743
49
146
690
628
623
595
546
15
921
816
997
670
699
818
429
678
209
682
231
199
336
343
231
666
324
942
31
20
703
541
455
500
394
930
231
419
113
115
451
789
178
998
792
314
632
795
106
682
247
513
626
513
294
108
425
584
381
151
330
218
305
613
812
277
906
4
406
525
663
54
777
309
902
426
542
388
19
519
180
189
946
857
880
275
379
631
915
256
86
102
436
126
92
594
681
875
759
125
599
72
890
879
546
377
493
530
499
592
319
262
282
948
163
733
315
510
316
50
649
741
818
815
181
537
209
942
82
934
579
385
648
400
650
390
648
10
398
330
619
170
84
945
726
902
639
981
164
43
193
820
597
897
53
147
917
60
531
59
934
14
511
982
609
925
395
612
189
329
552
692
138
983
746
175
828
56
959
12
38
363
756
954
604
682
123
880
983
351
528
895
871
494
52
942
346
997
242
723
519
680
425
509
376
569
326
581
339
241
914
610
291
489
586
791
979
835
20
962
282
362
520
442
514
549
708
368
719
392
236
12
107
17
256
975
220
966
802
181
186
532
362
389
295
195
392
77
516
925
902
669
762
584
552
752
490
465
900
73
936
597
88
199
592
714
783
376
752
284
672
218
308
792
364
997
964
620
187
316
335
765
900
553
834
113
2
807
252
959
669
587
154
482
568
278
723
177
90
966
184
378
946
713
1
761
929
890
156
338
865
256
884
46
775
183
693
566
358
220
180
508
541
133
945
873
310
983
707
476
141
586
82
30
961
221
865
557
769
635
240
469
179
891
593
982
160
704
245
584
841
175
331
539
100
141
63
526
830
431
967
600
872
930
824
328
482
728
973
136
868
610
860
626
110
256
548
630
455
951
902
527
992
714
968
928
240
504
602
572
365
48
340
158
923
549
466
802
588
258
439
468
59
884
460
675
760
390
973
383
245
111
782
649
317
837
312
833
522
932
92
174
232
499
455
733
883
866
810
380
180
248
935
158
567
855
173
836
210
99
513
69
231
909
667
839
918
734
902
150
282
314
341
934
323
249
877
336
978
929
87
777
933
296
129
236
844
116
611
554
663
78
555
19
693
498
579
843
384
380
609
519
600
22
762
985
291
236
509
976
264
22
266
212
636
482
668
305
129
961
577
250
700
556
655
831
278
542
940
423
454
726
844
650
946
731
702
805
313
591
288
813
356
456
450
122
212
86
923
595
504
549
545
737
594
226
570
803
937
4
703
695
968
322
897
327
486
993
759
514
745
80
790
840
25
305
968
57
670
808
567
689
841
402
893
852
812
44
308
88
784
29
476
254
328
243
112
441
565
726
758
154
975
581
954
881
705
64
968
570
577
235
453
749
465
108
526
963
418
335
291
724
923
352
387
775
644
342
815
985
449
472
873
581
932
797
922
385
470
126
710
504
613
293
975
728
534
407
107
808
383
437
372
47
918
851
346
716
462
412
529
137
44
957
84
893
765
261
229
311
288
938
2
296
165
736
643
736
942
245
422
323
869
483
614
879
179
880
856
983
363
851
654
621
983
921
381
839
954
804
497
231
243
896
26
399
5
652
204
89
174
472
465
610
760
554
553
155
136
390
327
1000
642
578
395
81
780
4
752
846
574
232
520
393
999
18
555
100
13
403
722
150
52
642
367
571
408
501
798
107
186
897
45
373
704
989
901
320
804
564
138
747
175
701
49
489
350
665
672
450
771
99
509
234
514
703
188
276
684
396
130
391
197
265
386
173
527
304
674
621
61
429
811
184
952
860
956
553
54
883
652
415
924
351
569
771
255
137
927
166
250
182
373
93
811
437
346
114
656
747
432
876
46
176
21
148
237
601
704
796
534
364
55
770
402
684
379
670
140
259
867
611
554
242
924
250
67
436
684
249
981
384
574
67
733
93
278
430
806
536
695
589
486
283
56
796
65
647
303
292
166
370
483
638
335
598
31
649
86
872
211
750
215
958
50
981
558
506
1
549
173
839
973
471
727
493
418
225
963
681
581
708
319
679
782
241
632
702
660
194
184
519
572
183
308
176
138
431
277
99
784
206
275
745
459
203
796
291
845
505
776
834
382
355
999
639
751
927
520
547
657
433
571
427
679
855
283
200
891
106
639
365
240
788
916
172
133
702
339
218
726
373
264
295
781
413
507
875
159
550
992
341
731
213
258
176
224
564
965
851
295
644
466
676
42
495
977
271
235
598
992
892
780
582
520
655
848
905
487
711
870
818
822
642
261
873
961
940
615
529
956
58
145
555
240
459
388
760
775
354
720
679
957
551
84
784
269
262
51
47
972
123
993
63
916
78
995
206
743
65
876
616
236
161
229
908
124
528
810
780
95
100
541
217
682
328
228
339
102
662
746
139
375
649
410
971
270
119
162
801
141
909
226
422
612
997
790
702
843
639
31
652
247
39
477
284
166
749
791
111
947
828
989
478
421
215
924
740
932
692
770
135
385
960
304
382
663
337
109
271
74
167
235
482
701
899
176
206
728
601
858
792
606
326
695
162
434
864
478
266
444
284
405
4
491
972
352
666
146
997
553
453
810
173
719
237
97
886
311
799
351
377
397
659
411
253
282
374
436
469
647
737
163
624
377
633
750
497
737
3
500
103
623
260
919
660
931
485
152
834
616
21
203
269
124
244
613
751
220
355
748
525
639
592
221
604
859
1
473
322
358
215
36
355
867
57
250
67
432
741
128
215
220
326
525
439
278
979
722
131
569
246
345
99
279
803
101
590
928
977
996
83
379
565
618
504
170
584
380
126
413
120
589
172
177
235
481
406
122
978
544
638
799
673
213
13
542
747
709
290
929
48
164
878
847
659
352
94
82
761
3
925
595
168
896
861
928
761
351
683
30
393
696
709
191
317
181
731
348
242
33
944
445
663
992
979
997
287
931
109
473
342
687
110
26
830
336
351
385
519
941
448
228
131
863
492
352
219
106
891
549
740
879
356
970
157
489
733
631
887
170
321
569
360
94
996
147
866
890
186
74
98
203
486
69
667
7
144
772
368
374
559
307
716
44
805
440
820
814
844
843
649
256
189
402
34
529
770
401
443
367
524
743
266
251
522
523
250
124
419
568
160
810
357
916
993
350
912
907
850
893
420
22
152
953
242
661
987
623
817
424
3
985
705
62
841
403
927
542
674
166
711
458
227
995
9
23
625
500
878
496
343
427
179
456
745
107
135
551
47
391
457
922
899
533
775
237
513
403
19
977
785
29
307
195
568
88
970
139
140
138
484
788
9
246
244
732
749
582
150
668
344
282
953
982
559
808
969
11
90
24
206
601
214
970
971
592
89
69
582
522
88
283
155
716
553
816
947
366
708
349
11
31
848
646
856
946
110
12
849
337
524
922
456
227
809
717
13
104
484
318
350
220
141
35
887
26
59
34
189
950
629
414
143
673
852
307
845
938
8
917
167
389
886
555
839
518
252
242
168
394
373
462
84
931
777
977
23
578
554
473
876
350
69
987
670
441
813
52
669
218
790
475
569
590
684
2
598
816
55
427
932
505
621
76
86
190
659
102
947
711
950
368
460
296
587
727
570
507
55
787
870
851
365
466
261
435
574
493
588
113
618
433
194
148
724
541
509
923
286
424
353
886
867
179
518
287
929
426
884
231
825
626
236
800
216
605
821
933
941
742
35
232
115
747
899
782
345
161
42
705
930
963
603
169
456
691
656
369
795
664
82
328
977
377
429
590
300
160
786
865
968
415
795
969
33
798
468
519
792
268
40
536
203
105
426
41
943
148
846
333
420
996
806
192
861
536
783
84
915
888
397
584
716
432
367
268
590
85
92
310
932
153
879
37
231
662
352
101
157
686
943
268
527
717
548
354
781
985
465
991
120
117
356
895
124
1
540
672
822
47
908
306
397
230
379
379
939
202
952
935
706
570
780
809
819
852
475
23
32
401
903
148
253
860
151
1
949
17
987
872
213
258
965
115
180
199
304
783
113
411
243
373
370
62
137
246
314
970
337
426
704
880
699
661
142
855
235
886
409
146
297
53
124
871
548
116
463
581
472
411
578
359
257
957
678
154
899
218
727
235
753
224
671
149
479
755
739
587
428
17
891
279
600
55
875
137
454
952
715
299
153
130
828
154
133
131
595
6
692
480
430
661
335
323
327
123
385
204
759
307
970
476
283
943
917
130
348
330
766
822
913
796
728
522
972
152
62
230
731
947
894
148
334
861
168
709
636
493
825
340
601
323
351
480
950
679
153
540
894
139
874
854
216
305
278
137
949
181
300
280
722
872
785
492
555
854
153
750
233
254
644
496
749
913
906
102
997
205
338
90
431
601
25
339
928
736
873
384
273
806
977
832
861
500
261
269
555
534
216
881
386
234
797
158
357
550
731
357
546
261
240
142
881
785
902
282
833
652
795
788
853
977
637
176
582
130
427
817
567
301
274
273
578
258
69
136
781
391
833
104
626
879
478
267
377
49
511
739
116
600
282
699
287
891
89
993
127
3
571
321
142
961
410
669
535
450
66
823
814
107
498
210
594
247
47
709
785
847
856
168
444
560
34
132
150
802
107
581
872
632
882
318
489
239
914
566
345
594
41
887
375
473
760
830
269
448
101
679
714
144
727
773
232
708
316
520
431
423
391
543
570
981
680
103
1000
728
655
781
90
898
682
402
557
694
325
677
42
854
511
760
684
873
62
745
429
137
286
671
819
120
817
175
995
989
884
327
87
165
754
233
13
587
21
894
336
304
534
368
445
370
979
472
110
833
812
984
490
206
623
407
126
992
292
791
776
673
742
145
691
637
882
107
305
273
203
644
339
673
582
731
842
108
353
45
358
683
516
796
424
411
304
178
265
196
85
632
397
612
152
116
893
885
606
982
811
867
938
353
774
87
991
295
102
982
316
215
188
633
541
292
721
970
1000
5
710
602
95
952
478
490
303
213
211
480
596
324
675
410
726
730
926
420
591
687
85
848
10
322
810
526
145
30
318
995
50
423
430
475
201
134
251
693
80
732
338
762
875
253
861
743
920
489
727
121
69
875
927
77
185
737
202
161
307
514
956
898
515
806
327
81
633
507
582
362
524
16
99
81
253
362
182
884
972
926
922
517
244
603
817
630
163
469
601
845
205
139
978
818
681
159
898
946
841
446
972
917
664
571
186
424
995
448
365
948
143
252
616
424
623
929
630
857
34
939
480
288
525
479
693
70
65
388
539
299
343
718
300
249
39
840
798
620
653
608
319
504
388
232
381
595
162
659
376
63
902
608
527
497
977
394
999
248
292
946
385
740
881
460
815
155
818
801
190
250
357
109
559
504
685
947
357
370
317
231
435
227
327
958
503
73
407
936
580
660
486
992
84
546
885
30
536
559
284
577
490
144
318
446
114
595
511
884
136
430
378
1
796
321
789
368
318
323
96
683
756
219
459
525
939
3
611
714
676
965
300
974
910
285
421
864
379
846
721
170
666
455
561
207
90
894
66
381
204
334
649
1
640
223
823
958
994
422
213
403
49
202
782
747
546
438
842
248
532
993
475
146
384
764
373
296
734
223
391
700
972
737
460
726
97
459
124
270
290
937
254
865
235
651
152
260
596
879
91
243
987
754
436
117
564
287
698
14
105
735
371
109
134
292
100
406
933
790
708
382
98
92
945
484
734
845
330
917
138
611
716
472
117
191
435
722
671
277
788
205
64
548
637
860
820
945
502
915
185
967
817
562
510
812
419
581
443
577
623
178
421
871
426
640
627
109
612
2
785
233
280
792
388
419
781
185
90
257
101
126
796
151
416
876
564
588
88
191
365
805
852
361
957
169
814
541
318
252
335
337
979
488
108
626
283
523
837
467
778
959
277
381
979
918
369
95
507
552
427
76
30
607
679
391
137
101
820
375
418
754
578
999
440
484
114
245
391
654
179
625
533
803
850
531
118
376
809
768
171
804
874
428
700
414
316
813
244
176
236
561
339
422
754
823
518
374
500
696
497
702
497
670
616
104
835
478
178
631
438
220
406
444
531
423
194
595
421
382
636
685
83
886
336
226
160
222
864
855
415
979
794
985
837
169
882
644
75
154
105
92
189
770
892
748
584
627
187
682
360
171
250
812
6
172
161
482
836
716
891
152
716
721
288
474
473
730
295
353
176
541
116
829
322
585
247
648
919
485
167
825
882
881
495
502
368
820
113
204
351
816
948
393
488
375
652
415
718
771
683
488
858
676
164
78
116
806
627
674
441
341
607
782
942
860
777
716
432
271
505
798
35
325
49
721
330
662
834
497
54
394
183
241
274
573
615
290
886
791
56
601
688
29
422
717
359
662
442
135
74
326
782
450
702
263
59
910
540
942
249
999
894
831
452
20
836
540
78
593
983
292
996
542
544
206
726
465
976
16
218
152
708
359
972
882
630
656
799
53
777
918
756
725
133
82
395
959
240
73
232
600
674
547
372
780
421
938
843
633
29
786
863
544
264
540
189
161
38
784
309
590
453
841
270
528
19
946
539
493
655
398
724
699
186
639
939
364
209
407
220
858
915
383
861
740
90
395
23
574
608
607
494
746
410
675
57
273
412
227
345
155
542
651
964
450
64
481
935
58
609
576
398
396
247
965
346
90
834
445
245
235
284
301
721
286
972
683
476
107
527
146
428
98
498
817
34
57
860
627
237
215
438
595
66
3
409
469
150
366
920
957
559
385
203
614
899
808
362
424
854
938
407
295
724
432
677
678
586
148
449
230
103
708
788
181
637
62
298
446
807
123
548
415
338
446
792
576
138
644
389
549
770
720
67
518
131
341
440
532
536
912
98
301
621
532
839
135
808
482
612
357
769
156
865
661
893
490
818
785
927
84
519
488
453
414
481
714
528
826
345
762
343
672
281
966
374
432
395
461
398
811
594
779
279
888
455
626
65
3
247
22
556
588
228
333
156
622
149
619
299
353
701
380
917
925
847
474
36
252
165
840
76
685
239
816
359
762
218
786
256
599
678
138
669
229
312
139
256
61
736
142
444
149
832
905
152
745
968
15
693
800
177
655
211
132
164
500
508
948
752
763
69
885
21
504
14
195
663
435
209
352
708
736
769
688
811
300
400
738
609
619
74
883
269
191
872
678
485
93
458
875
484
395
807
193
976
680
743
576
206
550
415
641
168
867
504
653
953
890
183
980
152
666
507
530
206
230
113
481
440
102
626
321
793
131
273
925
801
104
284
652
453
293
560
798
745
962
82
234
585
35
709
644
917
122
923
112
786
520
837
59
511
339
327
972
481
302
635
968
370
601
176
190
730
64
105
804
512
124
419
769
924
271
652
529
307
405
805
246
576
550
259
52
743
475
404
445
992
326
541
876
972
63
394
487
135
900
487
467
421
170
192
140
424
862
741
117
12
571
698
241
908
229
59
448
62
56
403
771
714
437
381
23
252
302
133
375
479
856
379
538
50
720
330
564
852
440
30
196
456
687
165
280
798
666
588
678
628
126
437
432
425
424
360
159
278
34
257
71
138
22
765
211
101
463
716
252
269
175
203
295
837
776
473
983
144
752
828
580
803
102
375
43
843
884
554
885
362
914
520
611
259
221
145
76
237
337
412
396
235
348
393
5
14
818
231
164
941
514
413
373
311
970
970
112
674
776
815
198
211
821
831
542
88
60
436
419
684
428
435
727
210
859
552
448
522
149
510
463
878
424
451
61
842
270
291
452
936
395
46
88
693
431
48
603
747
235
119
931
347
814
64
687
277
652
394
745
172
894
817
61
350
778
87
88
941
129
91
961
691
895
270
864
396
811
667
794
959
853
559
547
315
132
854
159
393
102
988
416
767
107
59
967
681
234
25
238
33
609
524
498
180
898
528
694
205
176
609
253
500
510
475
29
267
366
888
516
251
117
516
527
456
509
94
334
171
854
423
365
918
808
512
832
887
223
936
143
866
771
174
643
605
758
448
806
24
781
471
959
832
80
904
611
303
938
308
372
649
97
367
829
665
544
969
479
686
539
303
965
689
315
161
272
350
681
140
381
4
590
280
494
450
12
416
817
692
840
913
353
134
191
567
951
396
575
279
47
414
620
778
975
736
604
173
34
993
751
389
51
58
19
228
696
337
820
273
543
237
721
263
695
39
888
353
19
684
939
341
774
409
570
186
475
542
964
294
621
374
705
595
228
355
174
946
27
379
135
610
516
402
73
706
342
443
946
156
710
787
184
102
436
673
86
867
427
201
402
355
88
350
33
551
955
1000
390
830
437
255
364
160
450
674
24
437
244
226
817
428
17
577
373
165
190
48
676
435
919
95
940
314
630
186
919
653
582
888
48
934
430
565
816
531
797
815
869
92
158
833
572
679
714
293
559
859
387
922
145
544
140
576
975
126
690
619
345
863
398
712
682
373
109
364
969
745
485
948
641
138
877
88
12
184
940
669
552
695
844
164
726
302
713
106
16
215
888
490
245
145
161
698
492
106
51
611
980
980
615
33
64
654
81
451
351
938
493
330
398
990
828
102
942
935
77
976
739
161
28
298
148
605
503
13
606
639
693
947
313
415
541
387
815
511
641
474
775
342
170
285
770
776
238
868
680
424
601
408
274
852
172
648
906
738
914
93
241
675
356
157
147
498
615
100
190
19
171
411
173
136
27
724
494
755
523
143
487
492
863
103
842
181
486
94
585
773
451
62
294
255
837
218
579
172
286
51
132
851
455
669
411
914
964
897
412
603
817
517
352
229
682
645
381
743
103
761
650
420
146
780
910
401
469
989
703
80
582
480
722
462
818
381
880
698
673
177
430
475
230
204
10
808
782
666
491
501
528
755
261
954
741
477
179
425
230
626
779
537
475
863
311
261
858
702
811
905
156
670
189
334
476
923
96
768
795
139
891
203
552
269
959
255
55
463
858
690
454
585
858
949
383
40
798
806
958
646
980
868
803
33
115
967
889
707
283
228
453
732
832
814
151
94
253
778
248
88
293
351
438
599
105
892
837
545
458
285
279
150
322
873
274
507
616
277
792
881
364
255
46
820
14
476
79
101
933
794
690
252
27
904
544
585
980
150
146
427
971
406
779
123
820
516
640
735
104
754
253
409
944
530
677
373
182
993
412
157
510
547
526
338
894
145
952
430
227
175
897
870
572
663
121
916
132
58
786
875
487
862
353
557
614
122
348
217
890
862
456
76
881
986
563
122
927
633
295
760
812
720
271
667
374
188
616
249
991
804
497
681
62
828
283
674
170
511
964
441
65
602
959
108
907
94
74
18
366
710
973
882
780
474
123
526
324
873
12
722
136
718
793
738
280
777
544
425
357
491
827
876
449
205
939
509
873
203
263
783
694
752
613
116
861
475
903
283
833
588
813
649
322
494
659
407
284
944
193
261
209
954
897
704
485
369
853
240
799
772
585
259
780
203
419
570
305
594
184
792
71
127
436
95
822
292
764
165
835
491
598
789
749
51
475
593
353
955
536
314
757
462
718
755
543
679
975
343
469
330
77
500
562
624
191
609
48
566
431
834
461
634
143
998
945
663
274
918
262
213
762
479
159
321
461
513
551
68
47
726
623
316
255
629
236
118
979
830
283
847
445
232
434
567
576
951
297
998
370
53
817
130
368
715
545
385
573
921
11
769
523
292
988
54
435
116
984
227
152
752
778
489
49
921
736
780
586
213
628
160
779
483
500
781
26
736
543
827
310
605
96
750
893
472
224
376
92
1000
859
299
584
834
788
627
671
37
77
339
137
18
184
685
244
455
879
589
355
6
65
462
641
748
253
294
33
905
318
108
619
725
781
613
350
621
660
991
682
946
565
685
532
102
350
958
777
515
437
247
186
53
517
613
613
431
559
823
946
515
585
580
706
333
703
359
214
999
385
99
883
215
698
904
68
433
807
832
538
713
577
838
431
491
374
222
506
308
693
850
509
512
924
839
990
778
126
292
78
478
874
937
716
239
544
690
144
934
178
725
512
806
355
696
313
263
553
368
996
307
510
829
123
93
767
776
448
242
665
285
473
731
916
263
316
3
244
247
68
879
459
393
50
746
411
308
917
604
440
686
858
827
83
154
60
164
887
146
698
177
481
658
320
909
616
95
511
612
477
130
706
412
710
738
298
300
37
988
163
569
635
129
181
952
838
439
981
891
292
604
576
439
102
634
828
268
43
378
749
682
860
629
806
532
284
903
67
659
515
735
220
312
258
211
243
652
678
906
414
990
940
94
501
14
2
242
704
13
635
197
492
478
944
406
331
31
250
352
896
88
349
915
162
217
169
965
330
810
503
571
183
788
973
669
802
685
29
263
886
297
541
442
10
170
102
631
902
835
49
742
250
270
558
323
203
93
473
23
752
790
187
462
13
308
423
869
813
564
737
345
948
766
128
240
76
678
405
127
201
825
539
774
432
250
187
360
533
889
714
820
957
30
516
467
886
858
781
619
463
413
119
728
579
358
71
99
964
735
154
157
155
515
820
144
186
62
58
714
882
252
931
196
14
240
288
129
213
840
17
410
650
519
170
89
241
229
582
230
899
487
781
712
101
203
865
560
492
458
134
603
493
306
517
694
60
620
449
130
215
556
183
713
273
410
881
245
307
412
444
408
21
839
591
129
324
751
13
415
290
178
515
607
764
430
200
931
411
559
152
754
656
681
610
167
96
5
451
863
458
786
132
54
154
730
441
644
211
834
163
353
668
125
49
427
205
215
613
34
709
904
246
263
628
877
95
300
400
491
162
132
469
788
981
258
187
880
2
609
9
69
853
384
795
910
774
578
714
664
914
958
799
232
776
60
78
929
57
593
406
358
109
123
444
146
719
830
51
589
561
185
16
435
297
827
280
652
386
408
459
895
621
415
911
387
480
434
11
836
860
87
705
322
181
476
6
375
566
756
385
116
726
647
215
10
59
382
844
323
837
318
371
659
339
401
60
945
997
235
753
31
310
800
997
666
832
377
82
95
425
814
64
639
995
930
94
602
43
563
436
208
172
741
744
30
614
780
812
658
227
717
567
241
541
873
153
783
977
124
667
858
541
975
382
587
275
808
428
239
134
620
98
434
814
977
912
283
423
522
182
823
408
319
771
512
285
920
223
127
232
444
974
22
855
669
743
322
834
723
692
360
651
276
9
395
184
216
82
293
703
516
867
884
52
841
94
388
950
508
976
377
391
47
303
847
869
605
430
463
993
898
573
871
181
290
946
193
400
545
698
634
839
339
355
433
185
557
605
830
249
795
564
359
664
281
744
707
886
645
774
150
852
755
963
602
5
504
601
133
893
607
419
531
359
762
540
656
488
394
62
295
440
980
936
441
73
170
861
234
804
884
641
404
828
72
75
549
447
498
475
829
461
322
113
234
553
817
666
497
252
486
747
208
298
482
85
132
413
336
779
430
210
280
594
510
38
24
348
231
870
315
492
686
849
469
64
408
906
44
586
214
255
459
49
144
69
631
528
694
797
332
100
430
668
405
515
727
937
491
735
411
54
807
829
197
401
9
404
998
608
429
324
447
157
692
15
22
164
366
873
930
92
497
497
613
627
576
387
524
300
908
700
125
686
449
562
203
348
282
43
780
685
581
139
816
964
342
758
28
390
267
56
917
360
153
641
59
532
236
459
210
788
964
417
532
643
928
549
357
331
522
742
726
852
367
601
123
995
449
149
476
146
152
372
836
617
955
884
679
376
344
173
910
647
755
874
551
130
294
336
546
979
393
177
953
365
260
559
716
104
122
105
78
75
66
843
616
153
297
121
566
848
297
560
473
633
220
311
776
787
837
676
659
838
637
140
759
395
932
110
345
465
222
794
177
926
665
440
45
584
17
718
571
431
889
156
698
265
427
550
823
758
603
419
910
759
455
40
249
511
954
616
592
475
153
199
887
619
246
144
351
690
268
551
365
962
129
235
262
923
998
961
193
921
359
564
975
354
825
385
240
608
941
755
554
910
820
230
319
914
478
817
568
429
909
66
423
775
148
569
17
480
783
604
17
861
512
763
532
405
579
762
994
882
406
838
592
408
368
751
729
177
57
140
353
817
108
418
932
2
38
673
469
23
634
593
133
874
46
378
105
638
501
152
813
253
2
732
993
495
687
485
801
807
207
24
956
496
213
375
435
708
258
876
776
289
327
617
859
733
973
190
775
538
548
311
132
103
977
200
263
628
125
991
721
807
871
130
660
681
205
604
990
192
546
192
736
688
97
197
46
776
810
811
732
651
839
637
467
825
803
190
572
538
391
835
204
547
338
950
270
764
446
358
565
568
825
736
699
889
489
649
977
194
665
11
455
941
242
980
472
491
291
875
746
31
732
917
165
716
555
946
269
657
673
741
288
405
372
190
899
488
249
352
255
631
938
815
746
957
14
558
658
596
512
359
110
37
896
76
320
844
625
561
947
837
860
646
833
338
949
928
341
165
44
305
831
61
60
626
596
971
928
436
86
887
53
176
893
911
505
813
421
818
995
101
183
405
585
105
395
285
487
969
974
692
324
326
202
865
575
747
736
402
879
299
471
560
830
536
220
288
3
513
867
804
375
930
75
432
682
894
101
239
394
338
70
138
263
904
351
919
841
839
561
27
356
524
89
305
120
552
753
478
448
522
795
664
279
663
683
775
719
214
931
52
96
218
479
985
534
569
297
589
246
102
945
71
728
414
725
297
305
100
376
258
937
108
429
538
237
334
790
167
646
693
328
585
187
218
524
804
263
695
648
966
326
352
582
157
423
423
961
898
733
743
42
605
309
400
138
705
7
266
215
743
950
932
346
54
733
185
806
456
638
249
52
989
879
809
853
190
143
978
81
530
247
400
496
615
313
604
638
88
180
453
771
559
389
307
644
872
437
537
188
987
60
386
634
27
93
453
676
493
692
560
141
227
963
508
830
578
895
258
723
431
885
180
133
223
162
357
297
48
323
429
552
431
692
346
588
213
526
751
810
801
473
838
645
317
307
720
389
694
879
41
715
773
952
681
12
74
401
805
967
303
800
749
944
898
478
195
112
590
254
853
926
827
23
701
190
866
186
20
86
202
597
989
643
482
92
343
686
270
16
917
429
203
763
356
333
655
693
565
959
687
692
482
905
34
471
706
706
455
547
39
419
291
272
476
340
168
452
875
257
302
372
860
821
398
308
487
269
675
137
273
627
524
154
251
574
496
302
816
161
54
272
661
61
624
5
433
631
632
129
607
542
234
474
995
381
953
534
733
79
452
34
48
864
945
104
261
305
24
836
284
841
853
953
868
763
628
204
989
338
588
214
357
98
594
890
944
521
507
980
989
525
193
767
486
590
998
544
681
889
137
756
57
936
617
721
23
908
184
745
811
960
45
661
716
471
388
807
603
517
485
122
915
686
596
95
673
40
682
451
230
791
263
795
487
425
62
895
718
748
367
195
539
542
579
323
583
725
61
297
579
422
234
472
614
834
96
895
777
517
689
105
302
948
746
57
24
314
151
48
598
537
730
738
567
150
757
480
572
990
872
977
982
982
594
984
924
831
755
416
772
856
805
909
731
879
628
300
570
992
735
293
203
653
87
326
21
429
23
221
215
63
728
424
693
41
956
77
672
843
46
654
728
481
835
685
813
360
691
69
403
579
316
68
259
236
47
963
943
637
294
624
630
560
228
412
384
52
22
376
506
399
803
951
783
134
704
699
200
646
666
890
403
900
66
528
813
877
750
853
594
609
306
836
294
42
160
483
869
537
587
2
1
282
800
256
605
565
59
65
245
502
330
526
484
942
195
557
699
212
264
909
253
343
963
307
445
720
685
520
770
201
553
694
303
695
541
485
504
914
481
408
215
993
829
350
687
252
639
293
631
715
270
218
817
458
999
578
296
64
146
790
583
432
453
283
915
902
846
597
450
157
609
142
960
161
952
567
633
663
298
903
827
671
63
416
638
225
342
738
672
92
393
211
377
345
727
987
230
325
35
413
76
713
646
265
888
683
982
234
507
168
849
850
272
397
181
45
611
245
553
83
997
183
286
139
217
58
282
655
600
13
605
599
640
354
943
816
622
737
417
633
906
719
335
676
259
935
922
74
439
943
721
189
131
693
59
830
208
835
872
322
181
768
335
875
509
355
392
327
919
947
667
879
899
546
66
564
895
891
330
709
64
365
263
535
437
267
212
522
366
908
82
806
387
578
556
279
625
177
723
8
891
2
592
683
116
775
53
170
154
360
274
20
451
844
345
515
74
497
45
212
844
703
778
182
299
247
297
796
655
497
297
622
690
186
310
213
563
768
224
202
924
896
904
216
686
5
386
624
921
649
377
764
701
846
133
821
935
640
452
863
213
20
327
1
249
903
340
371
271
151
488
327
461
993
248
208
717
940
226
701
615
312
553
191
320
586
312
877
102
59
754
73
617
835
951
897
116
373
166
735
640
940
856
269
853
304
589
874
770
469
32
251
593
214
819
257
90
41
566
687
156
806
479
391
955
268
31
76
825
691
327
212
64
343
904
929
9
721
450
334
835
597
85
593
175
214
173
232
481
894
806
592
753
648
207
721
900
546
254
615
41
921
470
322
845
177
820
439
693
502
687
118
836
859
589
859
838
619
970
523
501
770
948
958
113
945
612
569
68
761
148
396
680
880
782
909
708
952
643
971
622
605
410
183
30
472
639
966
889
339
272
231
36
719
178
481
740
108
603
568
177
241
198
940
941
252
561
721
107
435
121
85
80
754
711
617
684
954
512
99
492
66
926
197
248
853
93
603
825
570
766
376
570
256
411
995
547
481
969
281
274
229
733
194
158
722
203
164
753
367
333
64
388
788
14
533
788
951
318
52
590
461
221
765
237
991
345
408
905
349
523
613
570
77
617
900
407
505
694
247
578
290
359
534
614
392
43
449
466
951
67
21
632
647
703
147
288
99
532
379
45
93
603
927
394
526
640
9
507
757
646
607
477
415
943
293
81
748
520
985
663
351
367
332
598
669
748
154
670
220
261
881
983
859
291
364
339
519
484
632
135
609
618
674
596
465
206
626
767
934
529
565
777
590
656
436
544
882
911
117
901
19
718
72
987
85
815
306
976
142
204
396
842
440
569
906
966
681
23
529
244
459
615
454
857
204
544
564
59
767
138
510
735
512
254
169
635
148
916
98
439
210
986
977
855
946
855
483
154
364
324
163
752
125
132
169
422
691
76
1
453
752
133
302
871
687
981
624
549
732
345
260
669
536
329
959
137
289
892
683
163
267
775
344
910
517
78
771
659
47
818
211
289
181
892
745
919
28
556
164
229
692
74
526
652
415
369
722
279
26
862
733
154
412
388
775
303
365
290
532
386
606
234
852
380
292
172
882
882
270
204
92
455
725
551
607
695
332
655
873
77
812
484
904
927
44
207
188
231
546
377
101
19
116
173
826
360
632
151
577
602
246
551
969
950
626
235
816
694
204
320
164
226
19
432
657
67
172
196
368
97
518
801
728
666
996
164
536
94
260
313
571
186
790
696
856
40
684
619
829
696
243
255
511
936
776
480
485
635
254
929
484
567
556
163
608
529
466
175
656
482
530
485
783
354
614
562
679
230
202
61
27
95
105
85
870
256
466
836
192
829
726
839
294
28
772
439
402
199
839
457
383
267
793
552
497
605
46
447
483
485
140
457
55
948
130
925
846
393
731
567
140
570
499
874
252
893
769
828
232
956
768
914
63
17
38
191
329
946
861
286
440
263
556
649
593
168
41
488
873
930
389
349
460
119
636
517
814
179
339
250
270
260
620
670
436
268
846
848
502
618
449
682
109
563
464
809
369
503
304
506
322
675
975
299
920
127
498
581
577
111
427
492
682
856
502
760
602
703
247
121
42
345
765
514
694
192
606
432
32
223
355
594
375
630
230
194
922
890
357
149
713
256
215
58
429
178
523
425
534
882
435
649
632
607
575
909
86
942
881
148
528
539
642
815
184
847
7
844
428
32
743
119
11
188
63
472
578
198
882
975
76
209
905
797
775
697
517
423
998
481
149
159
466
819
964
507
795
959
824
970
989
646
251
584
516
973
222
67
921
325
398
493
331
835
479
556
242
238
390
457
210
83
846
722
649
208
586
755
847
386
31
843
962
671
181
292
427
864
626
60
737
549
840
236
165
789
692
340
14
832
28
554
409
44
736
41
487
788
284
151
650
710
688
409
565
765
274
949
689
294
933
679
385
100
126
378
801
834
696
455
413
688
401
725
359
528
283
417
946
229
741
202
170
827
318
414
463
847
193
663
892
651
565
722
187
355
762
752
688
715
894
951
274
304
589
903
650
401
205
321
158
73
970
363
200
877
801
494
639
886
524
543
665
53
284
839
637
795
529
710
944
248
228
416
903
976
384
949
992
494
471
27
68
797
619
232
294
255
198
826
535
766
766
908
590
766
229
278
891
592
701
411
653
839
250
371
410
257
1000
751
582
142
641
641
664
707
430
166
595
23
460
353
137
364
882
322
150
703
893
442
723
145
878
445
11
184
372
750
471
99
302
724
193
48
791
818
605
115
968
478
33
657
552
477
345
760
989
606
868
246
673
808
335
532
51
319
22
432
418
384
573
150
605
401
297
303
342
894
248
449
995
408
225
597
482
970
255
546
736
325
153
622
911
609
581
383
658
567
69
110
374
728
770
221
711
316
264
287
936
522
753
566
725
962
186
677
934
538
381
690
124
869
463
484
659
951
53
99
358
352
909
200
692
369
989
80
950
528
351
395
838
668
820
136
922
721
196
362
997
688
331
290
60
890
394
890
398
680
807
198
67
730
677
45
159
347
259
841
797
613
171
511
32
297
632
630
540
888
935
301
235
153
956
167
929
410
429
952
784
303
505
738
686
66
454
165
105
263
508
396
608
338
597
836
338
390
268
702
604
891
501
487
419
897
306
676
979
263
12
397
601
327
301
613
570
667
644
466
944
678
476
11
45
246
908
931
489
824
919
910
969
451
651
22
85
487
348
129
310
793
144
940
152
869
524
466
686
381
276
502
71
681
688
449
590
246
114
345
415
814
482
76
275
282
65
157
493
947
74
146
195
64
489
391
323
122
148
661
264
906
499
166
616
410
846
291
203
341
324
959
97
974
723
900
321
387
518
132
547
5
691
903
215
467
810
156
402
379
507
759
473
39
50
11
486
769
752
827
428
744
201
716
317
480
731
641
192
774
603
47
625
104
989
149
27
404
644
603
574
588
784
203
331
484
62
467
537
892
677
245
674
153
630
260
405
89
306
490
122
897
546
645
700
400
53
6
729
575
508
324
260
399
382
642
359
201
277
83
117
726
525
481
664
70
145
62
44
180
209
397
913
590
701
725
992
197
675
1
425
919
670
297
730
971
491
3
383
350
281
781
643
734
687
163
183
133
587
612
508
909
322
872
5
24
73
389
775
674
802
566
152
88
131
806
734
334
355
641
963
971
480
228
39
923
663
202
251
840
275
137
486
559
416
634
67
646
262
183
650
545
835
493
461
909
38
506
159
882
612
607
329
693
997
727
920
50
671
421
615
202
408
725
228
142
978
721
186
522
400
131
424
466
371
879
956
181
911
58
163
733
155
462
236
629
221
510
358
294
513
991
136
27
233
952
820
341
700
850
657
318
203
27
887
793
911
892
781
220
355
789
670
720
273
676
135
547
389
265
317
911
957
441
350
273
1
426
766
484
161
931
356
323
664
101
904
687
268
79
945
564
817
696
575
12
624
842
781
963
801
589
788
287
822
473
40
158
564
786
761
343
929
137
677
440
800
185
4
126
147
150
188
806
43
164
773
954
859
137
579
511
470
684
124
964
190
969
130
156
298
976
583
68
322
53
608
925
239
302
130
634
19
580
162
588
832
812
354
548
559
398
950
300
276
15
390
277
981
53
355
500
672
477
165
868
478
664
758
646
729
431
72
610
797
11
935
385
948
930
213
933
556
593
611
968
368
387
31
273
170
993
180
681
197
866
129
24
268
819
895
549
297
863
300
375
199
411
803
775
592
902
278
545
129
387
956
541
564
626
851
391
732
317
749
203
210
540
678
108
207
464
628
869
482
649
665
511
504
430
474
539
791
489
401
765
843
336
16
863
136
763
170
174
913
231
801
246
125
14
249
56
860
290
139
571
760
581
226
168
349
86
1
866
662
215
845
285
78
738
337
126
738
289
386
204
597
463
543
987
93
711
357
234
103
213
847
559
367
579
945
21
875
118
613
469
929
333
523
312
281
387
347
79
168
129
660
210
176
320
84
915
414
86
94
919
422
401
376
472
283
776
348
301
397
613
665
826
607
556
348
75
711
8
820
229
162
406
31
262
763
127
75
579
489
976
683
435
32
830
574
991
455
416
735
838
264
606
250
221
582
820
976
913
867
553
694
735
45
564
716
441
336
680
630
451
616
600
140
951
451
205
285
74
203
943
960
804
963
81
608
504
168
775
863
139
673
328
101
740
204
655
212
479
222
62
757
238
359
430
416
87
445
60
210
639
643
772
479
149
453
413
312
562
325
979
953
990
660
61
202
593
120
926
446
745
276
751
479
217
340
128
736
35
63
518
254
729
302
928
250
151
252
161
543
349
922
566
23
378
544
570
954
196
210
70
995
172
597
27
564
563
45
625
957
886
950
635
981
886
905
958
300
157
234
316
691
919
868
759
383
825
915
135
74
384
369
268
242
932
853
880
909
365
97
330
39
97
802
881
962
775
788
48
753
979
741
487
338
744
381
634
351
852
949
258
725
618
390
598
966
232
355
273
525
237
449
128
301
825
495
439
105
983
518
552
577
785
370
930
103
598
800
657
233
741
776
107
455
985
803
748
70
804
195
572
963
773
761
681
738
327
709
697
34
797
782
239
954
244
968
120
3
132
751
728
774
232
277
70
704
315
290
979
409
662
729
619
188
790
959
530
855
365
553
694
679
367
241
957
96
205
445
949
542
33
113
112
402
537
777
304
658
100
545
632
296
46
859
497
88
303
567
9
903
706
94
969
55
750
412
994
923
376
71
518
454
458
932
668
448
262
859
534
479
481
809
428
729
168
439
676
216
630
409
141
976
658
481
824
991
982
931
62
642
392
641
481
715
142
145
174
51
846
165
736
330
598
289
544
237
364
611
395
732
620
318
285
68
852
62
391
431
325
51
406
857
303
793
657
793
312
560
23
166
448
205
119
932
647
393
413
971
797
432
678
729
635
254
161
334
270
185
121
264
577
955
841
477
572
159
16
203
400
694
110
148
980
779
295
658
923
913
401
346
903
140
785
320
899
491
174
305
97
911
449
641
170
182
702
396
6
784
410
866
318
207
33
688
219
784
635
45
183
32
733
725
721
210
837
255
84
218
682
650
368
892
985
313
393
90
848
496
464
118
913
106
276
926
198
528
654
437
331
567
671
459
451
137
168
756
921
574
920
403
643
172
770
667
665
410
40
161
789
221
553
383
958
969
788
971
647
317
260
941
545
64
272
594
967
820
722
583
792
901
498
843
844
398
702
773
497
319
569
105
851
855
972
588
647
308
558
793
365
397
429
900
885
383
60
572
806
1
362
656
294
662
10
482
569
339
730
798
896
64
208
619
405
55
260
347
68
804
297
83
761
381
913
375
618
86
913
994
344
645
714
264
754
157
739
652
88
965
45
183
743
385
807
544
218
869
584
371
835
488
675
627
541
316
781
328
930
508
440
980
886
932
268
342
185
392
788
207
903
408
565
27
781
794
433
146
930
812
224
450
418
823
392
859
369
234
952
375
843
55
876
306
854
820
870
410
720
389
68
974
519
83
621
912
542
141
284
837
819
102
518
388
608
834
407
922
649
564
552
597
181
685
705
811
585
384
893
793
152
157
311
430
638
71
677
712
438
124
217
30
301
920
546
660
495
925
81
241
818
973
8
2
597
709
568
573
139
457
494
285
196
937
501
631
419
241
43
579
99
909
232
524
271
235
402
632
333
940
186
454
611
49
427
668
363
586
955
475
67
199
506
809
565
92
207
785
166
678
595
29
584
835
657
337
345
600
142
484
939
698
398
411
112
831
910
795
320
280
611
31
969
851
351
277
747
262
439
198
966
866
130
49
99
901
791
828
965
609
837
643
698
490
858
268
217
656
658
315
555
624
722
923
240
12
133
713
707
122
427
472
939
765
494
235
695
978
758
412
886
541
136
191
735
968
258
724
68
849
836
115
805
592
749
588
835
771
224
264
743
619
270
933
95
721
478
667
999
172
833
354
803
709
475
344
495
800
419
244
760
760
622
752
340
983
578
446
810
17
329
990
995
528
411
259
105
298
876
258
719
787
417
617
86
761
628
275
495
240
877
847
588
689
271
36
169
895
927
790
930
216
771
276
918
657
170
201
491
914
923
568
559
307
293
638
310
26
865
768
749
923
425
28
20
696
363
149
716
513
275
902
354
775
750
643
954
876
844
274
708
483
172
390
423
489
577
278
650
751
190
323
765
105
293
775
349
96
947
109
905
856
714
951
697
777
951
906
883
382
57
985
228
963
993
777
799
285
140
194
92
853
579
177
904
119
709
838
839
944
807
13
269
217
142
836
327
840
356
971
822
226
34
830
25
917
603
755
92
792
344
426
480
898
57
645
158
68
249
848
647
869
246
421
104
292
93
820
405
677
346
968
87
928
95
3
390
240
475
612
108
203
837
385
675
880
643
416
496
180
623
412
334
298
314
755
823
107
666
63
662
68
355
676
774
923
125
851
847
819
492
635
139
780
666
348
723
375
439
916
773
375
63
587
581
336
810
433
236
335
788
438
641
192
787
309
209
925
46
50
502
624
502
292
507
146
204
995
807
861
637
419
569
362
797
611
586
145
91
992
208
891
768
225
153
581
661
58
934
686
876
488
991
515
329
587
548
972
502
296
525
75
659
845
882
838
473
648
192
550
674
204
992
765
286
480
404
478
215
636
977
879
234
455
988
413
559
349
601
81
914
606
844
575
271
939
665
207
222
740
883
749
812
470
838
882
416
828
15
257
746
763
28
256
110
880
212
462
153
31
960
345
856
979
626
232
501
402
525
1000
432
125
268
46
634
246
252
40
412
932
143
822
935
752
539
346
171
550
378
246
537
733
672
681
398
992
997
974
554
483
168
302
61
775
611
519
884
764
857
765
166
927
776
48
438
900
49
993
250
108
289
860
319
548
542
183
810
127
600
678
686
413
327
95
212
999
940
521
276
704
98
166
236
171
184
790
199
755
613
33
867
97
946
905
452
899
26
636
377
7
32
636
97
396
747
328
147
842
656
210
340
576
644
636
761
368
702
375
712
542
666
47
390
939
704
935
215
717
770
458
553
107
425
261
258
549
254
623
282
958
671
83
670
407
135
580
954
92
76
495
523
627
425
102
271
90
938
189
525
960
234
653
829
546
400
910
869
66
800
243
186
960
283
821
462
479
266
438
521
848
889
694
240
527
187
716
548
514
307
913
844
225
900
986
536
353
374
467
588
129
802
868
17
113
160
494
227
526
887
637
26
48
5
663
652
81
811
119
464
986
89
838
694
793
34
944
193
416
729
181
476
258
406
497
144
204
63
88
455
324
257
433
698
953
226
704
104
991
47
125
59
134
180
16
19
490
38
309
900
700
703
224
126
240
821
994
462
561
638
297
494
7
778
178
474
760
38
260
217
829
410
560
16
150
806
795
504
417
675
201
894
902
637
887
206
416
60
907
303
905
550
311
40
114
28
964
253
575
157
847
76
468
701
254
454
767
723
847
839
984
339
969
50
428
40
476
163
672
683
701
377
250
944
628
462
155
660
823
253
36
345
612
241
950
961
28
428
950
864
676
469
638
832
117
859
72
266
453
753
948
872
169
8
937
198
203
683
593
576
274
70
388
62
497
708
554
23
727
449
250
790
879
935
393
551
482
236
116
440
635
114
338
285
892
701
151
729
99
517
996
341
661
233
766
226
222
511
950
982
149
518
925
125
560
422
527
95
435
639
601
343
250
507
759
986
644
872
541
732
616
20
986
112
50
266
841
5
439
195
681
198
740
128
585
610
732
247
966
572
315
156
229
887
828
652
895
105
437
74
789
917
362
667
793
396
436
985
143
200
947
344
614
366
865
763
353
707
345
710
959
851
383
737
455
975
600
701
607
854
989
178
583
960
339
537
784
118
436
841
268
692
673
708
868
162
891
238
93
463
153
270
724
300
592
555
257
664
823
341
587
108
515
351
330
741
936
215
655
671
682
184
98
261
769
921
169
803
824
129
94
429
238
127
857
312
668
56
435
171
537
817
814
338
588
139
464
866
875
712
496
520
191
369
675
190
448
324
49
604
909
185
431
617
243
211
488
927
245
924
1000
483
167
454
596
584
707
46
509
246
41
338
879
389
369
334
58
955
123
852
852
496
835
653
1
511
22
957
379
264
941
312
968
359
510
978
663
106
314
46
694
523
441
362
279
237
580
722
526
324
634
282
477
550
181
180
714
567
3
458
669
710
507
48
641
574
53
200
54
344
886
24
235
106
450
146
290
771
771
277
379
562
225
508
717
914
482
159
329
309
985
8
305
368
661
847
913
311
378
514
541
170
168
101
504
967
64
923
471
104
738
1000
293
446
693
286
529
65
49
185
619
315
707
665
880
278
628
65
902
665
747
579
220
820
232
710
875
929
351
137
707
519
839
624
740
793
21
554
69
730
561
313
740
287
14
347
152
306
120
213
978
264
603
987
107
715
277
510
114
486
43
919
187
431
611
468
323
547
981
419
721
227
865
288
379
925
579
226
82
302
275
736
126
307
881
957
919
478
657
831
984
723
170
481
993
38
168
794
342
272
484
607
169
35
64
890
311
938
431
558
519
133
896
412
580
156
34
216
348
826
967
948
352
771
67
979
217
626
591
509
139
241
821
595
95
548
539
924
230
924
748
476
441
446
326
182
688
136
467
12
403
161
414
639
517
239
614
569
901
796
87
773
106
623
405
840
925
345
748
750
582
991
199
987
201
453
463
208
958
315
503
882
988
197
586
599
840
996
931
767
429
43
166
433
984
928
469
569
404
93
576
751
213
1
197
408
469
72
179
368
945
983
880
293
748
972
935
328
1
208
419
942
312
683
838
963
103
922
982
562
795
477
279
908
223
483
935
588
671
233
628
218
597
483
547
624
665
229
317
449
664
539
537
128
81
554
414
35
272
595
434
31
970
625
892
848
942
628
383
828
716
436
369
606
901
900
388
73
867
318
421
173
58
863
68
512
840
81
94
160
712
325
113
76
164
859
159
125
129
995
65
338
285
658
186
968
592
59
256
996
963
361
190
569
592
102
863
563
32
98
851
973
879
979
414
15
844
236
898
449
101
399
76
227
94
224
225
128
642
57
457
886
581
383
66
105
362
421
618
340
525
161
36
116
869
912
727
132
942
929
956
354
499
441
543
603
378
247
654
221
31
793
272
23
551
160
411
86
231
546
800
924
165
452
304
787
430
823
893
419
756
326
152
930
963
843
591
743
657
95
181
894
777
585
819
372
599
927
314
799
747
146
411
11
377
999
722
912
503
26
47
912
204
754
88
711
556
812
239
671
5
770
852
217
121
562
510
917
176
810
378
687
835
661
243
981
950
106
452
827
811
654
621
260
441
658
354
520
6
854
47
78
665
450
307
764
443
423
574
380
969
909
172
603
836
809
915
109
407
760
798
104
715
679
42
599
353
847
358
330
352
458
574
186
959
147
385
129
160
909
474
563
744
169
439
777
65
857
926
837
850
334
196
213
874
857
651
963
833
195
115
964
702
53
199
616
989
159
648
679
899
307
157
678
290
463
48
882
527
815
565
10
937
221
980
736
246
901
920
521
774
571
421
331
129
549
337
914
988
848
106
196
904
871
430
908
425
968
20
722
838
801
323
737
892
203
891
846
939
208
151
450
942
694
436
44
34
783
137
760
162
987
718
348
5
466
41
813
549
868
691
620
759
218
960
324
567
161
409
43
946
227
432
423
135
359
877
469
708
462
900
838
272
209
907
940
308
178
976
236
102
387
719
608
208
865
372
195
441
135
343
78
166
512
448
975
375
856
923
659
161
677
987
508
53
569
403
464
589
746
133
685
618
183
265
204
291
427
857
301
566
574
687
662
183
95
343
752
202
866
354
287
532
861
264
515
223
200
347
908
211
245
66
907
454
873
69
352
768
866
964
730
208
860
274
84
710
450
947
811
452
892
565
623
320
116
860
633
490
937
653
999
304
255
799
976
957
10
465
198
680
474
719
209
775
138
84
142
611
723
450
443
946
576
325
433
989
672
178
435
809
403
524
541
399
864
565
904
440
876
769
201
177
237
671
450
121
231
178
867
539
294
275
20
55
887
610
834
365
148
34
904
329
328
144
328
351
457
7
785
581
56
186
897
775
995
653
628
453
532
586
811
72
166
387
510
210
600
775
816
461
33
932
105
505
690
55
351
139
332
620
129
74
751
155
776
12
198
824
800
389
681
226
795
79
509
912
240
123
392
826
944
136
445
445
112
188
390
506
198
611
478
223
832
84
421
467
10
924
552
764
916
333
393
172
567
451
330
732
709
548
269
91
459
808
461
246
479
237
196
216
642
947
730
888
481
110
732
216
423
915
188
792
994
680
461
212
500
819
321
985
427
694
76
700
630
779
634
282
600
407
387
333
808
195
935
904
395
949
69
710
9
323
56
171
365
954
852
471
51
701
674
485
453
344
154
519
953
838
758
851
885
8
642
828
614
539
617
437
207
439
714
706
679
684
199
258
763
402
905
814
451
930
525
686
936
176
873
601
791
459
195
807
344
294
920
74
302
536
368
54
359
423
487
233
43
789
328
832
983
684
280
731
779
884
421
20
677
669
318
549
180
315
390
736
449
680
522
295
569
562
989
598
699
267
423
577
976
998
458
188
692
751
990
700
752
907
131
809
818
290
462
771
210
435
417
429
563
858
613
790
494
233
692
891
53
879
188
768
560
999
31
944
656
997
105
154
631
887
727
231
136
327
583
782
373
740
120
786
725
659
842
170
154
506
402
383
473
650
977
191
265
493
723
330
997
542
403
236
378
332
607
37
627
570
714
478
363
686
449
361
295
540
47
920
366
748
843
975
630
609
680
77
862
537
447
576
207
808
654
534
52
398
257
791
686
128
696
677
579
966
984
978
774
78
349
958
909
84
680
470
307
619
879
548
644
599
530
807
195
161
823
313
492
407
217
913
174
368
759
310
591
639
501
758
785
216
138
803
114
705
356
50
784
82
14
915
82
815
481
52
98
196
320
353
785
199
852
979
340
559
444
778
334
813
109
965
188
759
69
452
139
627
455
382
217
991
336
410
816
709
488
475
412
276
645
938
389
492
210
696
948
2
423
284
69
792
43
201
971
679
786
143
358
609
24
589
752
367
925
236
997
338
843
915
661
23
119
441
487
137
910
576
587
683
466
165
10
894
125
967
174
972
431
355
164
477
804
149
610
198
680
874
565
188
189
493
608
19
644
338
604
45
883
614
188
949
223
251
717
112
93
631
387
825
334
867
539
680
616
933
489
232
576
363
705
129
528
546
812
690
407
124
316
408
847
623
834
200
527
739
558
921
843
462
472
373
864
940
545
214
886
582
83
722
293
558
304
823
238
293
982
883
244
838
816
552
713
376
990
924
489
792
314
974
426
318
692
938
354
189
335
888
60
518
273
964
653
537
101
266
352
799
562
193
802
272
509
388
83
419
609
944
311
416
824
803
940
483
882
703
345
9
186
198
366
646
833
798
36
571
953
272
890
849
292
379
150
957
299
213
892
926
567
615
71
598
130
689
871
387
254
177
141
630
195
348
135
182
125
516
444
236
988
722
874
971
808
115
481
26
229
995
370
690
612
520
939
449
545
278
580
173
488
701
7
787
993
81
858
660
780
55
281
28
635
624
114
653
506
85
226
481
954
507
529
112
151
8
77
759
375
887
398
28
49
375
51
769
481
839
881
155
949
578
893
817
874
601
455
388
76
264
267
928
689
985
629
402
271
119
641
774
370
158
35
281
981
996
906
344
434
76
271
766
465
495
112
304
321
28
789
671
233
480
721
145
16
774
484
540
255
164
890
384
974
736
113
827
269
526
582
700
469
303
549
632
35
136
580
233
221
919
973
777
786
846
844
63
481
202
619
686
314
39
189
175
13
441
278
543
120
815
965
628
518
525
789
557
758
562
870
381
564
35
522
355
986
490
194
516
993
156
593
645
852
939
38
826
756
440
566
231
51
946
808
509
9
213
647
728
833
178
601
845
840
767
550
990
135
752
969
385
98
350
575
1000
497
884
808
282
81
980
773
588
178
36
509
961
454
657
626
740
597
220
338
125
71
50
853
20
342
375
122
158
868
91
132
4
788
420
105
937
437
685
383
247
309
363
894
15
201
294
614
746
603
325
735
845
184
138
466
932
225
376
820
678
944
787
833
321
707
133
269
801
767
102
846
823
87
384
691
680
217
480
335
679
670
633
81
751
115
526
541
53
184
72
390
679
643
260
36
408
85
645
820
561
270
862
553
715
461
789
595
943
235
952
212
460
220
155
8
320
897
513
900
939
129
437
314
305
665
944
632
713
307
73
477
365
851
747
186
408
133
521
917
683
747
200
860
87
337
444
77
57
712
773
26
720
454
242
3
805
829
121
357
165
89
302
770
385
512
937
597
968
654
318
178
734
966
110
561
146
1
291
695
633
399
452
98
277
512
823
869
943
872
490
205
334
172
945
162
996
515
204
807
290
969
117
234
894
245
166
233
814
169
667
828
589
962
760
64
777
836
433
572
559
565
621
739
454
950
980
657
151
68
867
732
227
923
340
107
344
107
91
621
587
20
539
910
941
377
357
248
317
796
867
124
787
95
819
515
93
714
591
292
140
979
936
985
835
915
901
401
560
581
973
345
607
879
590
61
187
442
60
783
220
447
409
924
671
125
942
334
718
676
440
10
744
534
590
441
251
813
13
590
301
969
556
780
449
928
8
908
160
81
868
301
602
257
70
240
540
974
640
144
251
254
291
34
928
137
614
207
747
975
616
730
305
418
637
882
295
443
228
837
997
183
96
142
358
786
99
934
889
593
124
112
250
397
115
256
424
730
155
8
689
920
982
90
301
959
244
587
124
596
624
63
89
937
799
531
444
742
329
352
230
887
451
751
484
67
280
871
264
337
73
78
871
877
294
809
719
901
658
881
48
20
810
691
172
22
133
568
26
942
92
274
287
495
705
142
237
930
28
332
794
638
660
934
448
860
9
387
972
936
436
443
331
279
777
493
324
110
57
114
121
670
472
541
645
1000
157
129
232
835
19
901
445
74
402
40
493
208
778
874
803
403
642
991
997
77
134
973
890
463
405
912
214
858
509
211
131
388
580
916
884
820
368
223
389
927
620
571
497
601
221
994
362
554
248
956
969
264
183
216
170
185
292
587
575
634
515
621
427
553
804
857
692
199
100
941
167
976
92
530
914
381
802
990
634
310
676
829
746
375
930
525
178
496
192
607
165
251
226
285
921
705
419
575
339
792
282
80
144
364
484
770
866
826
314
784
517
1
563
136
741
154
182
168
632
584
319
654
346
939
10
452
545
793
205
596
783
878
989
739
656
92
104
371
872
245
944
638
59
66
181
524
3
546
917
229
703
202
718
752
358
806
341
990
220
620
99
906
348
699
454
962
402
799
36
71
291
636
214
678
239
304
315
765
414
507
217
260
53
132
711
538
693
842
732
99
476
417
35
578
977
916
42
835
603
845
879
876
886
222
888
505
981
139
194
883
14
327
334
421
706
424
836
813
698
1
235
140
177
883
136
645
993
100
55
639
19
953
159
490
563
88
282
997
692
600
288
531
829
155
437
837
692
323
665
133
511
146
95
749
587
617
142
624
228
831
707
584
886
316
819
725
578
368
357
86
178
268
846
255
950
409
657
90
108
428
343
25
932
432
263
651
318
16
913
593
499
423
724
777
129
748
88
517
624
8
939
958
208
392
545
893
72
47
95
694
631
905
430
616
734
713
516
706
739
588
1
348
535
115
960
36
263
849
812
831
818
504
476
20
900
415
73
909
601
227
144
392
355
553
591
348
257
290
217
976
177
723
811
606
712
756
222
787
426
217
495
71
780
510
910
967
676
150
117
512
715
31
493
599
929
736
528
296
784
242
639
868
441
40
889
539
452
707
667
787
653
455
797
575
406
385
840
317
737
133
919
849
584
101
679
326
974
17
813
439
899
374
909
73
381
417
686
573
613
235
423
110
142
719
256
23
148
128
524
782
882
104
168
992
444
927
619
489
774
443
858
943
302
892
772
432
756
87
66
640
371
921
560
968
390
672
12
308
227
498
645
61
241
561
958
77
187
291
844
522
76
428
250
731
953
919
471
578
565
903
571
30
187
923
281
375
27
352
951
672
348
855
554
522
829
977
817
316
318
106
394
496
385
843
277
588
677
474
966
265
952
618
715
904
878
538
283
475
793
834
550
340
951
136
246
536
495
162
609
483
641
578
396
952
248
781
799
653
545
748
768
333
594
999
625
157
833
231
69
736
953
207
216
296
585
173
743